8675376353583460352 | 7993116053140445674
10097669904135262208 | 9488066540999882847
10191993462723436544 | 8361326888993472971
10218132819686135808 | 8816717071401998125
9838663195961042944 | 9774614157230284928
10688827176554053632 | 9277544346278602540
10167275411735740416 | 8241011187663795575
11065818791606022144 | 8962609921837701558
12326747407708530688 | 9895186011664061195
10974635383045025792 | 8504018668332507447
9527789408919691264 | 7429746518396697755
9504138972878794752 | 8948756051247140334
11905856622543665152 | 9417652549562821904
9801211289901168640 | 9443068144705661294
10812711482727409664 | 9346923345873649902
10271571301583757312 | 8508685504948342558
11213970025010487296 | 9302781149508341938
10028992580170192896 | 8477410218926740699
10769365998896875520 | 8524399813234634389
9880667987611541504 | 8293984245134434810
9234538211413153792 | 7559896042654568533
10493376044880175104 | 9820581600278981834
11156709099660179456 | 9800508257620215134
10003107759117770752 | 8397942957558982333
10997565164975591424 | 8694852390140464816
11502108931584610304 | 9376405223786465825
10189697878604572672 | 8194233982856267664
8548688317758503936 | 7447034740288629869
11984660556282859520 | 9946392162687031404
9321509545878104064 | 9271066874189088808
10626984811120746496 | 9463071180694129329
11116387229345802240 | 9894334558127473239
10362101004178790400 | 9774934333659033145
12141025739305234432 | 9372082590560220903
11497703173706973184 | 9838869740373506624
9367424458432483328 | 8830105453977230997
9317849436984821760 | 7708958069504924221
11379393288363161600 | 9166505052863968292
11007482030031501312 | 8636026369917221183
10093982921223700480 | 9977037920604463595
10919992393562701824 | 9267008081267810096
10752649409093095424 | 9763367509072541456
10779984703625488384 | 9210737287668428237
9515843379023415296 | 7549781083232674192
9307300251954663424 | 8791001264363955800
9901393556990042112 | 8503321648184870219
10231261225247188992 | 8319572159326997317
9427863111421073408 | 7775494802822232889
9453251307133460480 | 8681719859316754306
11001166386779930624 | 8923158236934891555
9240816073402742784 | 8294665566563660176
10076870821364600832 | 8371445214918485769
10415889520538769408 | 8870860096620493741
10958322067255844864 | 9486052110224413933
7885688128341932032 | 7146270058887764752
10649484455193061376 | 8491836574525174459
10977156893159368704 | 8876394125701579063
9417545097626191872 | 8373480200187634013
9492084223491860480 | 8744311406059070023
9517032699067279360 | 9248316510322132344
10409215110817028096 | 9447785876109732978
8447443401982858240 | 6515574658410459228
9575264753497384960 | 8951884928651771896
9363392523764451328 | 9044610051764176250
10100949538290610176 | 8775591765916648451
9747936947064334336 | 9722634546198145578
11590587727614380032 | 9466708643670004353
9686182051422969856 | 7524366878651590485
9751552687148339200 | 8372862664784187704
10608632955504922624 | 9048497501486037924
11861820187343722496 | 9243003186328901761
10907551019081209856 | 9566067404128159136
11232391660426735616 | 9766968720385281705
9280082803132579840 | 7390523066600484510
10836289473926905856 | 9998418090354012835
12272935627047372800 | 9963705891075127470
10266362325805473792 | 7951994711712232015
10512391127123337216 | 9684159039789165475
10946994609141417984 | 8643325926913032276
11597893829724448768 | 9588137695325038565
9761281419352858624 | 8377324003976973853
9497245921548142592 | 8918218235868580306
9781164970940993536 | 8501112752256191992
9895811491159300096 | 8869117853434171131
9817194141488201728 | 8505210951246163986
10308585678142609408 | 9175373916363859285
10852447615577235456 | 8360897230384880361
10144813995662123008 | 9615375389972681429
9258161418998450176 | 8338248760579610325
11718619752277841920 | 9184527285116778789
10303581010431649792 | 9854271035234146829
9608304699818510336 | 8124466711561902709
10874435490668961792 | 9682412519062667285
9592808644981903360 | 9319337681289204482
9634477087667941376 | 8757564154401300165
11418304120083861504 | 9131328221748871859
10474526846019936256 | 9986850869749328730
9710714454222938112 | 7746630432424792492
10017302501454280704 | 8817017761756761597
9435363718659641344 | 7351465899044626746
10539167423358283776 | 8299794908919829233
11290082484569991168 | 9429817934212264091
10761894012257935360 | 8579414236223485645
10341492740957458432 | 8327147777333020943
9562136294546188288 | 8669920997932449346
10280768195606063104 | 8156437489931044744
11022752126094379008 | 8790127629752055674
10979486465283897344 | 9890286970798378430
9230858297503442944 | 8006623383264687452
9583718990550267904 | 7590999594553319291
10968274686382036992 | 9316949179518742462
9328058004419723264 | 7280790467988423236
10153279955630526464 | 9308716397090925220
10882583292581621760 | 9627890841265973469
10637396764132526080 | 8374133557713624939
11751169616563357696 | 9138037107690877612
8547353575122870272 | 7743836706817004437
10475784696421965824 | 8921118193478565418
10216532364418260992 | 9166316602451032700
9784883479335069696 | 9445482718662544756
9869067940056074240 | 8203950958350775968
11483559659148572672 | 9566124068959508903
6583126960346308608 | 6424413524442950412
11727959887632613376 | 9128965478925943322
10549464057823735808 | 8647540030932897707
9619933324697860096 | 8276705313392927154
10411914366754742272 | 9919204958454743460
10877239358298556416 | 9029924058840858808
10010584792454072320 | 8605344942025201684
7957215702135352320 | 7401159179516802473
12563853218189400064 | 9789067464024945038
8419672011783288832 | 8170021590150578595
11190151677747640320 | 9355812939895879512
11708342304755636224 | 9336459396595674118
11275217217554208768 | 9140429227516380440
8064822864272686080 | 6572416277348865721
9840483917251475456 | 8036439168222174983
12345186657400743936 | 9651531555232026541
10528016886535473152 | 8702348888700902178
10087826834221879296 | 9351571856316106837
10408499102113445888 | 8680211925152584897
10692370873084067840 | 8423460683790521490
9705809977507379200 | 9230019150943227897
11198307967839229952 | 9918080758268468332
11575298553739810816 | 9137270874555672998
9953214075235698688 | 8083569270777272461
10483114615293927424 | 8356102857097557541
9704052772107634688 | 8511691999061865322
10895826204583051264 | 8399527677832566993
10100464961181941760 | 9192468832584977485
10380740291025657856 | 9507723694983701063
9493937974772283392 | 9452568229505591476
10868675087478294528 | 9468437319313655197
11385468986292836352 | 9185530437456395303
10906113559136313344 | 9060885096647270403
11629098578552877056 | 9870727388819907707
8963135836000899072 | 7989504483798243356
10926363439580364800 | 9951706323300869329
9975001303190497280 | 7969162729002902719
9664964211065106432 | 7949273247197854117
10129845530307076096 | 8489252551209503075
12787359898686128128 | 9970395822196966315
9312315050104918016 | 8117940345130467668
11203341834182782976 | 9426794955597801123
10735111205592090624 | 9524236740214729445
12316083096132308992 | 9477434577993174200
9738568594688751616 | 8981000973348195491
10584251158220732416 | 9666342717827522070
9785553990947631104 | 8173471223831478585
9957209274416830464 | 7874870929308712943
11200881793083709440 | 9886445010770414276
10111737009878890496 | 9080957608033109850
9516030367938174976 | 7781565771130805352
10108563049023371264 | 8942800722315887526
9842353021439184896 | 9405343655893462953
9364091034691985408 | 9359635276954647454
11052393806316959744 | 8934578096841252332
10971668515595847680 | 9902809711814771975
9353767836497307648 | 7491625305603489155
10290010401841190912 | 8411854932625931003
10616894296476590080 | 8240347861378591737
9540778205593899008 | 7634409067115682118
11380212253241280512 | 9605424635221984616
9960071079861698560 | 9169865104386961532
6825252848421637120 | 6637416145863278230
10271619418497157120 | 9913391260535963289
10705843338301083648 | 8546703463566766111
10611365692581419008 | 8715303980089692355
10198979648817670144 | 8333933586614457738
10291492012838045696 | 8128008322172277782
10942484362299095040 | 9742360341542022734
9760637973132920832 | 9296882048968725754
10216426590896490496 | 9617966941072023907
10942615856735930368 | 8631850688373155846
9686283284078327808 | 7678194703447191173
10498085733778362368 | 9385108882658650760
8434659550481001472 | 6725961586341426972
9584731414103361536 | 7655421783233263654
10282427521369114624 | 8992518268765035171
10619621800509687808 | 8921154033412185571
10005457565236045824 | 9181742155420231240
11146258772349759488 | 9703595942305719605
7470899992282916864 | 6964652490841745976
10026999082224136192 | 9666031343244379937
10884809925829996544 | 8556051798998068899
9405345338909992960 | 8849444887732352964
10122649804913172480 | 8835665397976018106
10221744534586642432 | 8227317836533657845
9266442860443484160 | 7293579475581305543
12674218577784246272 | 9898123757052011744
11943227507726514176 | 9894723515487416768
10800600917584601088 | 8538714788393683369
10565870451523827712 | 9833246146256979961
12146666627406831616 | 9810402945669154431
10686435094302904320 | 9572843392396778283
10106648928556150784 | 7978064126454555802
9941064602940823552 | 8013419017271905582
9724480502711437312 | 9171528648958489526
12536162883825715200 | 9655618905309411705
10399844054084079616 | 9744293983090418326
12533230528962662400 | 9860566191631670123
7554998244178760704 | 6548365836091760234
10621016712498135040 | 8781712501852305794
9582151271427600384 | 8129678312716859702
11828214370328119296 | 9803630291783732624
9556529893200611328 | 7521838407576379415
7784363128301634560 | 7392615999258307100
10874662522244087808 | 8638011276894577622
9576712689651427328 | 8408693255143200111
9878560508812265472 | 9617626315301588505
10486963466631016448 | 9316878619724703159
10775866360072028160 | 9863384476240714874
10534921918897090560 | 8888976245400378789
9768766835714508800 | 7964530410601733734
11002377354936543232 | 9595156428977305091
10959579047440289792 | 8700146772920685069
10322996478872131584 | 9324553899274884754
12173586375612182528 | 9984235689523605323
10586793510891966464 | 9317263063625998862
9993118908064800768 | 8963347549831302345
9450921821453504512 | 7642389166322593712
10858247293434474496 | 9220287586209148872
8916721844903485440 | 7417851844797059363
11329855038984808448 | 9248695466294509960
9487739749530388480 | 9474684220146600497
9891893266022686720 | 9023814806213986504
10414180301491740672 | 9683844370809370426
12634930567603644416 | 9724808833236696986
8686756505238523904 | 7317307412331926179
10023937768853291008 | 9625343823511181412
9616320444528488448 | 8365546654579359139
10251467428151834624 | 8283939758987673264
9355341856796106752 | 8247300722085662464
9252567794904420352 | 9176057683772857470
10384102963302725632 | 8661335310636153389
10118069400779417600 | 9827541147515960142
9653043687603566592 | 7509283108419536198
9503193784243091456 | 8390529429355100351
10492761786896701440 | 8111497579349058401
11987737808456540160 | 9810829831356189391
11271128615395268608 | 8998156092355991009
9336915562084984832 | 7956845779775288633
9893694490478487552 | 9763244397810249100
9294985799246866432 | 8162385667938292972
10785533141671481344 | 9552007585719509447
9761559118675709952 | 8212466797100923911
9607181837451986944 | 8105319857864330580
10026955957578887168 | 8245514009572313026
10222056724510453760 | 8586806062897573962
9735369981476425728 | 8029375297348783363
9957146300039948288 | 9554824514276722958
9958376713109411840 | 7716500107184037248
11068253457878777856 | 9162071555246082623
10248204007859007488 | 8870659427708418885
7491054472313201664 | 6583883612393239726
9490862891975419904 | 9439357126382135063
9399251423587211264 | 7316533097723939819
9591293493796956160 | 8510711494288342419
12024283558570254336 | 9606566343722761901
9625536382787856384 | 8321866127126712824
9550310580719093760 | 9171985578184600826
9376414394292529152 | 8024722387498445142
10173581639930529792 | 9408254204376954626
10617134320155889664 | 9719803373647540290
11229868298259470336 | 9998826569790637736
10888839821484652544 | 8745112829367086647
10232874540044793856 | 7990886613802658041
10839926210399318016 | 8981203673005127904
9508465579043323904 | 9417663510814736513
10795852019304146944 | 9131971348965974553
9705364300073996288 | 8646601833808888733
10309566064469049344 | 9627400487979178270
9888978033763438592 | 7680696519853824199
11350424622964494336 | 9665171485829399682
12850942738503211008 | 9993229752086242249
11979711096585443328 | 9277946958173083466
12886074341619869696 | 9927838025715541269
6621336569705394176 | 6018380715869396232
9821884039422916608 | 9770765745889736505
12783743951340144640 | 9917476515702078838
10610873886408626176 | 8654006316555040739
11433860922302685184 | 9780746500195861333
9386133735639484416 | 8425323025726626038
9275937944859613184 | 7931896404588803796
12363670374087260160 | 9725944133048566301
10234564431270309888 | 8451036375243720172
9304569910441906176 | 9026155626267993753
10174746592447723520 | 9738440071288171095
11482681958725531648 | 9253933584112572735
9979370524078422016 | 8179713651704286959
9806319027496757248 | 7949097271661006874
12705314175054577664 | 9914304944083046192
11298076993170802688 | 9184182839210154765
10799452633345292288 | 9966752213132857892
9481190521979252736 | 9278497915383381032
10295066405583378432 | 9647419551548573484
10085417615683672064 | 8016214580161603174
9474653988433790976 | 9061419053955165651
8230829017433075712 | 6994736024194614394
11022595092764688384 | 9486486222396925788
11370273354215038976 | 9149050577954651017
10520095443652681728 | 8970642994329705154
9511706374786643968 | 9383794780936861632
10194445551179386880 | 8086787830682112628
10836617358233075712 | 8505742508585104344
10658851478418014208 | 8908931437946028125
11957317652183861248 | 9692303040817376498
10214915084799426560 | 8604098050587279734
9785752773815009280 | 8747469099618612132
11170991908305465344 | 9913456736832037586
9694936818657402880 | 9272508503224467850
9317575516494915584 | 7595903446356289283
11597730962382147584 | 9313498980824032083
11518814080143357952 | 9442940119173802437
11390652259089168384 | 9191983877764002166
11603761469739550720 | 9184453441185913306
10582653619590649856 | 8428743263813624061
9285269984724107264 | 7979568107209113533
10007924279325102080 | 7811791004495672462
9814998962814248960 | 8624565887234801813
9253854647325880320 | 8414041508817769581
11521236055484975104 | 9728092239064931045
12131254033234114560 | 9473334341454923674
10917048435043997696 | 8627996835787157080
10075782704390359040 | 9244725569205684446
9461793089978818560 | 8950968085379439476
9477657088227069952 | 8726109803438798730
11677540798961215488 | 9407306484984463296
10787791135001518080 | 9326589224047780007
11025283164975693824 | 9962865879359517560
10621382090167406592 | 8194413103486187731
11034765978159943680 | 9341402097275463099
10365749259564789760 | 9181355897518215330
12129396853689985024 | 9926351538345476955
9353595836314451968 | 7484401278858729963
6432234216105097216 | 6363346341632703916
10449805605456736256 | 9766034656397270435
9470673078455515136 | 7495607416597341287
12255391150510333952 | 9670565085971695101
10460060604662358016 | 8996207300850574826
9546996960888066048 | 7814641888290648545
10951646403018119168 | 8480475434317069044
11011425201705365504 | 8637655569561169034
10651539275537207296 | 9117400023876704399
9804871243495280640 | 8603122562386722810
10202147804707258368 | 9740656938247290797
9961406800430026752 | 9615088136423800685
10062741574682906624 | 8472900704991498521
11044732456706234368 | 9948026476751559118
9661593293079699456 | 9205326150147487881
11998277896100462592 | 9456165262395935214
10997372002479454208 | 9259547189278749901
11447326045077864448 | 9625631242054579625
9868492791642857472 | 7829272805080187955
10267273491189411840 | 9749141529016333550
10883053716207280128 | 8856600102351501678
10344019324628895744 | 8570445228155611354
8712575622958198784 | 7159067953957038217
9592531197533421568 | 7579636179694844417
10762376501278957568 | 8712400115852358830
10467731790888239104 | 9279621560529983001
9807190897589995520 | 8890620175445710899
10465739810847997952 | 9280983071308092711
12386014527897733120 | 9977647678030274955
11193988623968714752 | 9218810023089434103
9989692475425486848 | 9788543101327038726
11045507238244995072 | 8992168557173475151
11936424851339296768 | 9926933947828335357
9852900456338923520 | 8219505607730318916
10445065954090047488 | 9320471092680899701
10366016418293602304 | 9795015740040837768
10551416539874897920 | 8352501473450315537
9344700090753384448 | 7639711852735078095
10360013240879953920 | 9424007952025326986
10274825425449365504 | 8184018445443267430
12100898499121082368 | 9647917797783155894
10514649371539902464 | 8727141584626350599
11148461392027099136 | 9136486241194866086
10241988072922568704 | 8495981235111857217
10451116337623543808 | 8056915937987681845
10666832932983779328 | 8835892652036092041
9826502016085012480 | 8528834863023833766
10528000229183553536 | 8915933953544592156
11008753454009493504 | 9233751586292487009
10461934627762771968 | 9269609797992059271
9408048931775725568 | 8152427263867501607
10964024243600967680 | 9090730237273925630
9726417926675296256 | 9506989075481870860
9811488817152309248 | 9405145965723988584
9600008345203793920 | 8773880093325662018
11137304986214678528 | 9110802944140974566
11683173136889290752 | 9893537160042407220
12222723468358453248 | 9412292347306802110
10291892095056953344 | 8984496599865438642
10144089707209066496 | 9403567382041018740
11051233693162926080 | 9733374365917575914
9682531357015564288 | 9430859218241519270
10312066506397308928 | 7956232837714275070
11613607020075716608 | 9585471423991968053
9453688558207709184 | 7964891435389475502
10290542759895617536 | 8570372812433373719
9715503142209146880 | 9102372337157563950
10859297148125638656 | 9251463842455060137
9938353503111694336 | 8485180286958243613
9758382200821999616 | 8866851596917741450
11169322798881415168 | 9109159521352964235
12572712280280584192 | 9693695768389832226
12611604025221754880 | 9909807038544003816
10323064979018792960 | 9627589896326935571
10396676882168952832 | 8529530236029231104
10103541644628527104 | 8086511023553410728
9857315134334765056 | 9635382029011185327
10975311484485038080 | 9274663700842830512
11136005460179494912 | 8740537173803632914
11244808814845376512 | 9709402174899577708
9841438109989079040 | 9182109411134672979
9487056609316487168 | 8210086557360040266
9253318900397524992 | 7684670779390241341
12360136352562683904 | 9832363758943486534
10303651318543540224 | 8957537365886762848
10386414839729244160 | 9375349871806545687
11435765407886338048 | 9595783572356897506
9308782439643211776 | 9276523017617052696
9363800811020695552 | 8759375406212320846
9770893295844470784 | 9237073816762859923
9280848649058535424 | 8904477040675325925
8046630439682337792 | 6701532517493117839
8414691842449930240 | 7143269855752308067
11835359150281934848 | 9686789974029658186
10799850392124665856 | 9553563926539309899
10521356459858929664 | 8568583685260647976
10206824670230925312 | 9532191808272261012
11422317320626051072 | 9559949260489255622
10517814034708088832 | 8619714567703733853
10231818876626305024 | 8355884161330299511
9360584068141357056 | 8061040273273222881
11093279924617633792 | 9847058235146920792
11323488610819710976 | 8845547518070819401
9689192926057824256 | 8496761752717280653
10658683734146795520 | 9437114852890022358
12115721281567537152 | 9535022731995213158
10069360487472984064 | 9085191420626511178
10635303850851788800 | 9533268631548272982
9832851703545059328 | 9123573663127136094
10556603352081496064 | 8996623245446302823
9658396107976065024 | 8228340516048389859
10149038720420190208 | 9176866197664449603
10575896611601395712 | 8469213769337761186
11375409535157440512 | 9696863861841421342
9802829026463238144 | 8342107516285043749
10518420673241053184 | 8264831045668626830
10162428028067012608 | 8291640332695567023
9918870760460845056 | 8721085189995952020
9903126975484758016 | 9439688245584733314
10526948045029193728 | 8554206970710696500
11861727957858754560 | 9333671069261747124
11620047765845764096 | 9159601354204788513
11203856541968379904 | 9064205523969532944
11423720893591404544 | 9399436309849500812
11581971153574856704 | 9702496376097190074
10181067910731294720 | 7991295843181300424
10767515668471599104 | 9718220581363783483
10745899300074698752 | 9143882175719597396
10081046732575092736 | 9165569135609685691
10979482909701210112 | 8956059451200724118
9489655872751736832 | 8352848760669586704
10929445746361513984 | 8897427121610093693
9661997286420828160 | 7554538031669571592
10596399855847165952 | 9226718645487677189
11208296194243004416 | 9942054200931883744
10272823701337393152 | 9450550398244596106
7497215387793260544 | 6821069673951626508
10012641307032967168 | 8320185267917512365
11601488480941027328 | 9391187441971177545
9316832508018624512 | 8982548029626634426
9347465499609346048 | 9115063061725440768
11246447467351269376 | 9947188723074620896
10226262581222909952 | 9615785640444791002
10182584452886218752 | 8476983191907437807
10510464550339430400 | 9656148436365531173
11157943224844103680 | 9648526686088855576
10981567385844031488 | 9318803853809754273
12110838826489520128 | 9823018378015008020
10774242605494102016 | 8662879050393565285
10864214283216289792 | 8380708743629304647
9658297808275769344 | 9468481881291439267
10050967927747268608 | 8865040329560362453
10961475193865027584 | 9256403557550858910
9763833324152328192 | 7949377906356709270
11661554301340315648 | 9220884915871016982
11284312763991549952 | 9050870227293941558
10595026329504235520 | 8334367933732459502
9875973480755234816 | 8933377854917179217
10927283577726728192 | 9477665929559835486
9858967427799777280 | 9230159525430795515
9483594175824973824 | 9339576068407532827
9714254307224160256 | 9150453938238933346
10476607798233989120 | 9001807712086478756
11767515791550806016 | 9633190271768380834
10260694277623762944 | 8255083585753832985
9385339234677170176 | 8275369617815049964
9943637563193006080 | 8055524705092532108
9272403929517086720 | 8326531429371954415
10910430591586326528 | 8764989474116099241
11128250838045919232 | 9391097730225184549
9773247988017674240 | 7721627014601072823
11331187480212676608 | 8877815731052870676
9325354519937230848 | 8588828736033002205
9474556487279054848 | 8360183896756679458
9567950633810911232 | 9531971477030696849
11722217992156807168 | 9814364301514260524
12390042974710317056 | 9543993277057388875
10003880398297964544 | 9234204501412329350
12389791356525228032 | 9579205557752472084
9644219160794556416 | 8691055830787985424
10729989651403161600 | 9437799174411427624
11034942057349525504 | 9268673461117861406
10393467055476678656 | 9093003415928765184
11982549498867636224 | 9258629279971491737
11116139388943013888 | 9834834969457413310
10476166411498692608 | 9157147357897095457
11180227010790711296 | 8741776232450321994
12289060140890966016 | 9497632058141918213
10193912095118358528 | 9266502045047416460
11290853362559612928 | 9477923719566927784
10374627117877512192 | 9446926693259546880
10981231635032274944 | 9818386317295659520
10157577456722165760 | 9531760893097837514
11004066402472337408 | 9727888105929581486
11764553654413328384 | 9842822956419065068
9561145579190573056 | 8846472567575861314
9360263106955706368 | 7947120023963114831
9993157638022019072 | 8009593773822049237
10039985963683090432 | 9754882786395361354
10358879781733158912 | 9565334134960422647
9975356460279939072 | 8124531957930545858
9199683396633533440 | 7264082161497195562
11312756430696146944 | 8729106474785961122
10272014438610325504 | 9926568342282574638
10785298198592327680 | 9996622644747247699
9999744199380711424 | 9412815170370891651
12494465697554997248 | 9762724398413931321
11430634207181236224 | 9264902311030726323
9509016742290083840 | 8038981588622059172
10532065522606340096 | 8607627904313770452
10739633830792321024 | 8263413053687634460
9648995593828704256 | 7573757101788173453
11200180998280632320 | 8632971353824002092
11268071366180120576 | 9422925963660984996
10229020971193923584 | 8793552225269016908
10139629205594562560 | 8601836671668826513
10538031300787179520 | 8515660472753342200
10226735685281372160 | 7905470600822689652
10484244221391396864 | 8765742198251925838
6730750170950972416 | 6191181193480126100
11320445264555100160 | 9517286111418885783
10405687668084873216 | 8761802650027479925
10894174934094647296 | 9076201886619014989
9340823985273853952 | 7297082662558836682
